-0.054127309667998426,-0.5440577752288854,0.13986010688415662,0.8015818419677618,-1.612838260532831,-1.0941359647564803,1.7191723569385104,0.1189601375280763,-0.9777775769157703,2.2572233697839414,-1.5599506143466217,-1.0556469577970198,0.3925905210062392,0.730516569133333,1.1857561873886333,-0.9514258221904411,-0.30690277613176015,-1.71450216343804,0.6053669787817094,0.3820737439336396,1.5630354067849548,-0.28022362032561426,-0.5977895340085648,-0.2663811636100811,0.7439789550187375,-0.452273388157652
-1.6668945321116164,0.00024417645568129785,-1.2708005827159357,-0.9800121965686064,-2.1266501402589206,0.9036524612977651,-1.5926040707817715,1.359551710410513,-1.0203744310712919,-1.2192077824662806,2.256480539941727,-1.4147445625370272,1.0173833758698465,1.322536962885166,-1.5762108121177782,0.4151503619776844,-0.7043023019730749,1.9405470312483557,-0.13806090145708594,-0.2129877278345599,0.7264612797911763,0.7689463708052097,1.7823143423377268,1.6513528287346617,0.6601771371692546,-0.5023996428569919
0.23009957685712182,-0.990147768441885,1.4901876419680322,-1.566095476198849,0.8106241045131459,0.5041169276633555,0.13893612535160843,0.022709687166142106,-0.9431477752257604,-0.6363896333088483,-1.6409331653550576,-1.2101528264121015,-0.2163538530655673,0.34531694726186146,1.2720165329565853,-0.4612122254077465,0.6607193521225888,0.8914600809579936,1.865873015313245,-1.259192000955258,1.337087824607926,0.0769165425907203,0.848140715425003,0.025889289562718774,-0.3454132062568711,-0.7713580678074194
-2.1436777944283962,-0.7390068955614253,-1.2835077598866316,-0.548549281237734,-0.8640566198214966,-0.7795891476965018,-1.1235654625197105,-1.5352084877677188,0.4283058638639398,1.4477233609257514,-0.28719621746387947,-0.825078389535736,0.8655842123264637,1.6238474952009,0.2379904944447105,-1.295896161371029,-1.6452916259845356,0.34962121038820243,-0.23494249800424305,0.027876103306329426,1.5021655037340227,1.9886003875646208,1.7266203491446606,1.2459464554302269,1.5961623344218998,-0.46556686409757325
-0.601279031708599,1.1039354920872977,0.40962560204411486,0.712762555869788,0.6869191281651055,-1.568823476420698,-1.4137401991709875,0.40882531230747693,-1.1492298802537817,-1.2068255267474097,0.13765416643443446,0.512658276040702,0.7003996069878481,-0.29081943905671875,-1.876303095302468,-1.0477848663518456,-2.0687836462274114,1.3740581108238124,-1.7334895404222819,-0.980656105680985,1.9445770396061142,1.2093198723751812,-0.06478428430371276,1.237291487043288,0.9055778743147225,2.210031774446135
0.5381047934119233,0.6944015955823565,1.3348490058372713,-1.1715321090490467,1.495160352864006,-1.5342326789862786,-0.4610117862304947,0.2634713294412277,-0.3769080124655544,-0.4858260741981386,-0.6408080114318095,0.5324310147581688,-0.6497211276359267,1.4755397316537104,0.8051999839714613,-0.4833353387992722,-0.3308531841525331,0.6684941610687543,1.418460588852639,-1.011182015690814,2.030386185906637,-1.0271276852541698,-1.3171150453599902,-1.4829996283096345,-0.12745856390450835,0.18604842516128686
0.5100903952326917,-0.1194298158600013,-0.5051514270875417,-0.23404147638125855,1.2773277453820553,0.3314831553100066,0.7830220040295562,-0.05453097464509622,-0.4743941805733234,-0.08896438303648563,0.898115359503697,-0.008556149547365097,0.7260657033434069,-0.673988291575443,-0.8164146937919278,-1.7991554026852443,0.5632891603669448,-1.0209762798002349,0.9615232548489034,0.2919920484637788,-0.34913482649643773,-2.417149352040313,0.6908096019570434,0.9243751686235856,-0.0173805003428838,1.5355380320332372
0.1536864030700358,-0.9413387538952027,-0.9310462971270402,1.5457033431204659,-1.3963078797171975,-1.0189296146414983,-0.5131277043529369,1.453574317237034,-0.574367370326647,0.3173420063088195,-1.137593857049067,-0.861224328466971,0.38663249862450716,2.2772910174028698,0.8767556313309116,0.6488428315361541,-0.04142621993410372,0.20992373128399874,-1.4074656286306146,-0.2551914660260822,1.4139910212953826,0.9147157910477711,0.9569813645514407,-1.688570524032191,1.2079360578653608,-1.1451156121470012
0.8058012784247235,0.5767042971801891,-1.788411072772104,1.956171297710643,-1.0264528448323251,-2.4249585495447947,0.015149497374376606,0.3221203232829962,-1.2365500263740505,-1.923886174214543,0.13425395579424126,-1.4597008700147651,0.5386293499941479,0.6695374880913445,0.22973089103935648,1.7359437683537302,0.8173853674259202,0.06951201289576457,-0.7108715462472511,-0.726637729746362,0.8326487672807562,-0.32465761402311394,0.3066962627112099,0.9858458496444468,1.0975617755801255,0.055606037170136596
-0.8916156528821048,1.7529784580495744,1.5184227985816805,1.6999918195642167,-0.3370919324239744,0.30644574283285275,0.9697378204030251,-1.757261994002755,0.39894563357718327,1.1827046060402622,-1.5814556989624604,0.8956538964771458,-1.2875057356247364,-1.4186432666877853,0.8049884039190003,-0.7217618517316402,1.2908458621297214,-0.9592861747321929,0.9893009539211193,-0.32283575668307907,0.4984816567851961,-0.14265523963237517,-0.14118654971969635,-1.446885854158835,-0.38878478411764483,0.4258748054240798
0.7828797980200932,0.7338360308995922,0.982109469259086,-0.504338227606298,0.8078130527745297,0.059194603196129736,-0.0702010631607319,-1.3263019278391557,0.5693317956109584,1.4469863999484365,-1.6467997875810239,0.34616732792184596,-0.8534649163901058,0.6590106670232937,1.7836797153814243,0.6628225893427794,-0.2746756704008072,-1.2015336237190866,0.9496789694001908,0.832270949218456,-1.947296019391967,-2.0231890365047307,-1.4904773582282733,-0.31877271037020705,0.25596737440359607,1.2213362804546115
-1.9232087930559196,0.6293034900388951,-0.338088963117192,0.05078610913248179,0.8583311958033206,1.4645693929487815,1.3484097325121127,-0.8879480936993716,0.59773643368437,0.7849187403331449,-1.3050198952397265,0.4899666038827104,-1.1812043645180847,-0.760583795154775,0.6893891726028946,-0.07018809868605452,-1.1490006746803587,-0.693053553325895,1.9055229501736943,0.681240341132233,-0.05728144508432265,0.5642704496808852,-0.38417017776743156,-0.6602458451578508,0.9767781708493726,-1.3720783483878671
-0.05230228303365166,-1.3492236572550835,-0.1561579106850137,-1.1771704856643468,-1.1243572806891062,0.5588448807785337,0.4466312830877786,0.812464732701022,-0.6849863143066254,-0.5505237677644926,0.2891858955756802,0.8645083381625098,0.8569480559859745,1.519379425791096,-1.3132989591724595,1.9493531570338347,-1.5298087099079438,-0.35355936399684235,-0.8403567226971179,-0.2944468929191871,0.3018315702444833,0.8637509398320932,-0.02239549672158906,-0.820263364556046,2.4028525759679193,-0.470995796558029
-0.06792905589857708,1.8951881431348332,-0.11496689004673663,0.7548716428974711,0.30195816980984685,-0.24385915819477552,-1.676072043666735,0.0350719434313951,0.9295427663761586,1.854043279727176,-1.2846103099830106,1.297063809512153,-0.844518426087758,0.2844999083099496,-1.146456905755694,-0.7818591282543238,-1.1929058516412208,-0.4541949281335566,1.7227667361052272,-1.2114523196035571,0.3806642087295144,-0.7809522019579888,0.018134282496751572,0.17003662560521324,-0.7511766788567793,0.9506207426753943
-1.203369078954953,-1.1011282531322537,-0.9692925328236394,-0.23108344339682818,-0.6262238953448686,1.4025306341888961,-0.4465356823630668,-0.09572506999889858,0.12258331189151622,0.30641826925290333,-0.5480622531489194,0.5956120102637065,-0.9296176287154704,-0.9925750530220177,-0.6413771053573637,1.7178926100097736,0.8087059041955912,0.7063232101330505,-0.7762917658753659,1.1523055661679433,-0.6148444084727125,1.8539557127906845,-0.46276057768210493,0.4654662960497274,0.42965224895738713,-0.7446009106576336
0.6523137106041614,-1.3093120295316785,-0.7361473002479652,1.6478699906047127,-0.9278120862588094,0.9369552079570506,-0.11301784195510699,-0.3622016731789126,0.7705805831009225,1.3878966543155913,-2.778933306027524,0.15003370825522727,-1.733484195407054,0.010484137629743939,1.3001385395264966,0.4786960097921256,0.062396479698588594,-2.3560757440397064,0.5763324952612593,-0.5477697797123924,1.5049363089653487,1.143080360990669,1.0333362433996158,-0.8524158767215229,-0.47214930778558367,0.4184008169152179
1.316245147877308,0.559495718667654,-0.19892398589399005,0.441665027931647,0.4870000037655283,1.6695210215075806,-1.1503903062181813,1.8994818983853798,0.2032711171775387,1.2918713114437868,-1.9624086098028204,0.19764870204407872,-2.0127353404257105,-0.572081027175662,1.0482526019397922,0.825407252083679,-2.7256177427212855,-0.5609373408552575,1.037104840194793,0.9647870142357209,-0.14021329173679775,-0.43508984751755886,0.28995494652674336,-1.6988400232671124,-1.5184924900932506,0.5375885701689782
0.5550557466259032,-0.3953330359450203,-1.0163851686411698,0.09204203340070251,0.9635420473563225,0.2251215386438806,-0.9149237715161399,-1.1431648097529643,-0.2795815950847667,-0.6173911341675565,0.4035702582984963,-1.9561035213706361,0.17123400850170023,0.28207879759873966,-0.04861914462093972,0.9453464530461533,-0.8021969374285727,1.0647086015827796,1.1579269472199638,0.5073128626442479,-0.647763009687856,-0.2319101326059214,-0.9429130810964489,1.2690043157195012,1.503329406217697,1.2582629843980007
0.1868761601317006,2.214498358733965,-0.001924057623748632,1.2698890124491689,0.11606034535633034,-0.5728831038488114,0.6531323848057753,-0.6146000656977643,0.45750062455907775,0.7560731186328052,0.2470709022451575,-0.7708212836883273,-1.1741146483531288,0.16860462461487094,1.273684030196405,-0.5918990250946112,-1.8919386601959753,-0.920747002092441,-0.16430556914676991,-0.1588496361963163,-0.2671747120463135,-0.6376053671420525,0.0382871603042123,-0.4723222085818289,0.1683994585946057,0.8660597392366303
0.5706442787597972,-0.7296029652027173,2.378753501931385,-0.3823841765649219,0.17090726912052354,-0.15726221611205107,-0.5673332789525266,-0.2788836975568427,0.09556755273085461,0.28232373931026067,0.8814899635909166,-0.9418953772027344,0.1425842660415801,-0.4570391317160514,0.939892540384248,-0.7538273094466913,-0.4256236463485535,1.9018316037951062,-0.6797267457922979,2.3684526124701,-0.805148619304082,-0.9453078802215129,-0.6611851075796468,-0.5996522157468681,-0.7691079464942482,-0.155686577462493
-0.5335285910979255,-0.8380694294026915,1.913858468951904,-1.1885083811783803,-1.0779261901239106,-1.1976195776917902,-0.8449802541960306,-0.7589270261919278,0.3919532496479282,1.5432570462849358,-0.15416955685124362,0.5794299986659771,-0.9758800046074547,1.340108089731487,0.563571545217154,-0.47696925411845087,-1.4090037941118656,1.972475080201367,0.15163442857291048,0.18173285872099984,1.5116315630657113,1.9628643600446,-1.617347110851217,-0.8189378271836457,0.06074115075289119,-0.8002063871197606
-1.305192181023501,0.8838083519151099,0.3153864685417984,0.5481213476408808,-1.023479655374441,-0.42622462831837893,-0.7453683931066322,1.5202613176056061,-0.14578454662358475,0.21259612504473452,1.7078202995867422,0.25458045974097115,-0.6168571134763288,-1.319201752703113,-1.4877750051108773,-0.24475660397689217,-0.5332726898268441,-1.457977782232685,-1.003474163178491,2.2336802872777852,0.6094332267856226,-1.4543613646786664,-1.0370038855229755,0.5325593014374738,1.8314051227004704,0.7944512408647273
-1.5351439838841912,1.0290087275866209,0.577348795632215,1.4411549929350473,-0.027967353158058955,-1.343904102374146,-0.5218466572772612,-1.610515634518511,0.20744900232799593,-0.545712560756031,-0.715297075968695,-0.29820751330703943,-0.7640039475118109,-0.17590349497584937,1.0478921567591983,2.2957768292805323,-0.2506729958365548,0.810141907054773,-0.9299162863764247,0.7706639010876558,0.4838904190533276,1.078930855368005,-1.395506344981955,-0.46291567588797033,-0.03889170503628297,1.0356158647411884
-0.3664148748275411,-0.3419355197960487,-0.607091668796621,0.35003457494115825,-0.7544639425580446,0.12239840683226003,0.1379864554741188,-0.5236723553238142,-1.1036434103411417,2.0251316547444524,-1.4128702245614373,-1.0381367497450171,-0.9087394102316771,0.4610314450632836,0.88840472313336,0.49250407584200534,-0.3357768670254368,-0.551402597670209,-1.151792712794705,1.4141007878380296,1.008024842215429,0.878076018651378,1.9128178815460704,-1.5971432226609381,0.4370968645978272,-0.4851340314544522
-1.9329684664950566,0.7450760770067625,0.5153651381707104,0.5620224214307753,0.26940955899506475,-1.2603565786280824,0.9303894645133652,0.40053737592403554,-0.6432551655555333,1.4222287034337426,-0.6073905325981944,-1.7129140794600821,-0.8721611503465445,1.0732043509153113,0.17846079238019658,-1.0758321753247453,-0.9293859117426818,0.13093690546397554,1.2261752481918593,-1.4689133734388635,1.2464264679449073,0.31641222374304107,0.42469276438652825,-0.212190245828688,0.3581566659102176,0.7698061270870469
0.8999862324245688,-1.8373665618469481,0.654761858931098,-1.528366152666465,1.6293662523103916,-0.36776349032860745,1.0899663672675448,-0.45701988501429464,1.3552768459562567,0.44907603355165115,-2.211595333150608,0.7434849221954483,-1.5312726628110136,-1.7774916107926193,0.23471128805388253,-1.1787310929596322,1.7393118604267481,0.29400127961058814,1.6716004804627487,-0.3729436768971513,-0.17599602581500426,-0.23398247007841544,-0.9158230075655982,-0.05236002101142584,0.034357390312777646,1.014113131881748
0.7878711962461378,-1.7964571875691748,1.0318071540344727,1.5185564893758148,-0.04242012390365714,0.04736129762773789,-1.270520116283082,-1.2526039135891833,1.4813234486115494,0.8489934560020684,-1.7685967048569113,0.22747603755322046,-0.5908792264823491,-0.30316821252216286,0.5813399450276385,0.6012357954533202,-1.2975860119840654,0.6728935594293309,-0.03807496550381447,1.942480664848293,0.10845273071050003,-0.13319490823816776,-0.7217551750200464,-1.0026048741901283,-1.3468875082970289,1.3212798446101617
0.2986399246876805,-0.11874587387432069,-0.8534516698020568,-0.15432883670375802,-0.8886101428114481,1.4499920330066887,-1.7340481185185823,1.723436815759945,1.2484061650783846,-0.17420789638844875,0.05893007067458187,0.7132515072285938,-1.6836048153129164,-0.13064144291767704,-0.9934636436784114,1.3086373642065547,-0.46441716735442207,1.8131769593655294,-1.7835644291018418,0.466423822787281,-0.7841564099114078,0.21233656745730514,-1.1339601118943536,0.8450676492529713,0.47268172655044494,-0.005136220101694156
-0.821148141755871,1.0244890448875736,0.633181097466492,-0.6387011883254078,1.4725448379573338,-1.784992842819254,-0.014748997100486758,1.1865680476395506,1.4876582226573571,-0.6019392835408556,0.8254255998205398,0.1617077763091857,-0.8414566280076554,-1.3332850704767658,0.04119505943182889,-0.6415520648494254,-1.4354363175775433,-0.7681211619518292,0.14727360502853618,-0.5330045288379388,1.503376403140197,0.6907846202234427,0.9657990160672262,0.2424562301720811,-1.0855762164770473,0.4218298207645356
-1.0844973477735773,-0.5760662611160023,0.27401602804240943,0.23373848898024946,-0.6111833212639178,0.26334746345286636,-0.09026578983250676,-1.2054076278550545,0.10497945767175565,-1.1621494176153817,0.7011946373621092,0.43619573297111913,1.0851717913636112,2.124224420798025,0.08079980127719526,-0.6435013826319995,0.006848924975305079,2.5749447509339953,-1.0381374206521274,-0.7902654895828779,0.027488899426377063,-0.45004854239709,0.891332190090964,0.2588194918132834,-0.3243154456033312,0.007646380851291643
0.5351452513216143,-0.00043272453050225855,1.8039547307167016,-1.3513271159129774,1.368485725260364,0.5945120093285878,1.0955832578823097,-1.4664572412766375,-1.5772177797484432,-1.194012866733149,1.0453854686814223,-1.424928993815999,-1.3917918467665198,-0.3085548042316561,0.48198547436086603,1.2045561495388075,-0.2862343755342363,2.2024811481636037,-0.6981631161980316,1.2748067757762005,-0.8312245251086066,-0.03371218915142327,-1.099480279644997,-1.3789867394969237,-0.0002714915019179691,0.5389161953135665
-0.15178781806066532,-0.8051909654090672,-0.2590810304426966,-1.1541812133193214,0.7350526873814078,2.1654901570059137,1.0362960816513256,-1.1954990295702876,1.7008906328024278,-0.0857235373270943,-1.9210024883374328,0.577822786079135,-1.4261426289347299,-0.32554186871265,-1.1248227152526509,0.9036576832033264,0.5739472867815131,0.49789246532380776,1.854652996557306,-3.58192754105236,-0.6218089066994504,0.07606003352034389,-0.20833095890483277,1.566612525014891,0.5942708255886725,0.6078612808130429
-0.7408588118784717,-1.3471495016021588,0.845050083671265,-0.6805424316265701,-1.0537100525644458,-1.1174629647125884,1.5881122631592768,-0.04047771280914392,-0.267886575712855,0.19052178844352907,-0.7553232608998481,-0.1397165047564353,-0.6595712555905154,-0.5054000051998039,0.971803958507277,-0.253905480715144,1.4273628806488705,-1.20821848081509,0.1193209934573518,-0.5010224310887387,2.429583171243527,1.8401564610780243,-0.24136691057799575,-0.679777756556061,1.6208246887791196,0.06313013154814806
0.7241907337232943,-0.321354777465123,0.517404583131613,-1.3434791218603674,0.7724698312783946,0.45921743745472093,1.2004577232433462,-1.286074190026972,-0.48250048578718774,0.7822196245487654,-2.23285273185064,-0.9569928882414712,0.7175876770254357,-0.5413952789460611,0.2567910637275469,1.06503156852205,0.24268105644340082,0.562897953411217,0.6334004582958777,-0.20668781466393948,0.5044300722157876,-0.49979021301907384,1.0274836734744175,-1.2670653160800036,-0.6946348089529798,0.6731647902874421
-2.621802533013643,0.5679473065917309,0.4691498480255212,1.1268367644435773,0.4222760734391394,1.592058661207127,-1.4430894666199556,-0.13457719216791328,0.6219775916712098,0.7661153892404556,0.6496295267628983,0.5758578866687464,-2.830324460758906,-1.4520826388432508,-0.22209935711503354,0.5519746076642263,-0.6776050008434691,0.6814359453273645,1.8106775522492657,0.621661384417442,-0.7456842241383935,0.8077933841874932,-1.5681951394579028,0.45860585297306616,0.37842432693834793,0.3099131019058802
-1.601285928819262,2.022837724405493,-0.5555138297188343,-2.5553708620030218,1.290576299632503,1.0243854273794202,0.8513668811189714,1.470972357842657,-1.929086323922576,-0.7853668027953092,0.26785800034363844,-1.7536972875863963,-0.5194719287559694,0.025538134324752507,-1.3037781803627315,1.0514861927122405,0.0533334754935078,0.34889357550676753,0.357019136882919,0.5518734132981934,-0.043911734362230725,0.6216295579455988,0.16031690967099918,0.22569149381087603,0.6898389450879255,-0.821305639228743
0.6139036750854528,-0.04773051970680286,-0.9753354990569822,0.6118548138894669,-1.7015807785270478,0.4049970253081003,2.0498254546844326,-0.38376875105560815,0.11816140860346765,0.8715602963080038,-1.855512756871165,-0.690244901411855,0.23967848945422193,-1.1411176450821592,-0.38372339692623864,-1.633997906859527,0.9886919871124881,0.04735592885513427,1.1028726956990669,0.6755903734692899,-0.4171771511525478,-1.9620371299934036,1.4121323657750189,1.457031495053986,1.0063943870822636,0.9790023005066877
-2.0953829489854625,1.4927591282184656,-1.249815384148269,-0.35561863063554794,1.2856421229438844,0.5655769488224873,0.3226672053433316,-0.9656222422805948,-1.159216321714457,-0.9129074100168106,2.1597801420825413,-0.3579722593791051,-1.2949544232432695,0.08530323590417763,-1.4780570938694098,0.7275827554574308,0.5123512001667558,1.3168006459181238,0.5612680097913701,-0.2977119568397316,-0.9984964843491354,-0.14146484433150536,0.7592447149734125,1.3836806615043882,0.6205076101640279,-0.42352307180635024
0.6108747733662138,0.2547381004342913,0.004016257658640313,0.8747295832340812,0.3564789581971818,1.7137225540207237,0.16050918872583186,1.0061255879171025,-0.7658953903974229,-1.1335826970094258,0.3835287561846499,-1.1880091608854952,-1.3546888147883676,0.6201114679780895,0.486602386193753,0.7952073957801633,-0.6220518004197925,1.240395596813171,-1.277761844776758,0.07205925468730567,-0.950082736673613,-0.8294568074644338,1.1235198581914847,-0.7145332065931329,-0.6826570507426659,0.3573503945425502
-0.07102860199551556,2.025961423909536,-0.9809124060358956,-0.48493023809243624,0.29131855288674585,-0.6349325797605871,1.019228353593491,1.0545808306785462,-1.1872098910724116,-0.7871123635863607,-0.7217797198955672,-0.782178798409729,0.8267613146265926,-0.5036778312352432,0.2487083450249788,0.4444553707166804,-0.020728051262241646,-1.5111705962566317,0.7117172828019989,-0.974147022025613,0.9639635070806127,0.7580603206859019,-0.13646255238062413,-0.41373711620347475,1.16561638229497,-0.1613609536590263
-0.1112006223778671,-0.7739235043243881,0.9897075586143804,-0.2874705328572401,0.8000989838075906,-0.6344268022101412,-1.3617719048938024,-1.2124245824444526,0.11052618199849594,0.4196274234341019,-0.7045513354438954,1.1004195387983318,0.6678045515848013,-0.1037606704629942,1.5246913712651045,-0.6181367061991521,-1.6725130757344095,0.49817703957075027,-0.20474105299787107,0.7185526658230482,1.4447761927693232,0.03158125701995382,0.9917083259437907,-0.6841348385976644,-1.0727457297338119,-0.568090064088353
0.5474620708190971,-1.2371664579226913,-0.7499917244411703,-0.7812827483396292,0.21541270857392972,0.3223919290539216,0.46025603924980696,-2.020363791074045,0.4022472571528066,-0.2838202715324625,0.7530220606929169,-0.9778397512630435,0.9061173550107957,-0.5144527534587297,-1.001643667515464,0.07660339722938386,1.3178289624504689,1.58922526635429,-0.4735201308645841,-1.8818042802406207,1.8845475035161456,0.39028441272032066,-1.1932228076495945,1.5670756955067213,-0.24405358910906963,1.2529391516270751
1.0824309471773075,-0.45891811120810666,-0.459857885637748,-0.4802591317064639,-0.1844839842975914,0.6806830998922563,-0.29820508170779125,0.8557406065026116,0.8670593665439059,-1.6187438346864729,0.8005945139254453,-1.616466368403077,0.728856996188903,1.0452156753105668,-0.6755516231138704,-0.21019071556985114,0.4324771390013427,0.8161528069953662,0.649950291578953,-1.554443245526349,-0.2176563096878981,-0.618289403544785,-1.022478689633597,1.3158394737444852,-0.15507313190631614,0.135308167729914
0.7257963552672594,1.0708833699088611,0.7266615032809303,-0.1658990546817087,0.20414586748882116,-0.3320455141329954,0.6475756493428839,0.00954929091532717,-1.7491464161301205,-2.4240663692859448,1.301904710675715,0.18290954584178667,1.7364375704831698,-0.20064938308376906,0.6126255190652667,-0.0769709452798769,0.8254647304105087,0.745148382816852,0.34484818952401647,-0.8638172006983376,0.9047599326404824,-2.484486461294193,0.7581687161675357,-1.5692267634965833,-0.9662420785706769,0.24907520732769103
-1.3245428321438726,0.7917980767913125,-1.9172613618224277,0.7733788302960719,1.1574419118644488,0.5037942158456444,-1.0594654164605886,-0.08124426874039542,-0.622596122322456,-0.9509360173984269,-0.5333717029969451,-1.7556287965058883,1.0080324485137528,1.2165190665117616,0.700430194580994,1.1978250990209374,0.06017194296145575,1.0798032031976357,0.5122005775353232,1.5178249302292313,-1.4552265363234747,-0.7945720573857307,0.32910436857455966,0.34633578800124154,-0.9738960121542316,0.031694736701594006
-1.024787453357176,0.5727799796841431,1.4183646493913267,-0.4275084661118994,0.04988820881914853,1.031250604303109,0.26989203840976506,0.9217552385909776,0.3044659176547628,-0.6425839259719497,0.8804697518211733,1.0795779528443123,0.33502691965650133,0.8974904448236782,0.8267271100783417,-0.19938155564894702,-0.5071814216499096,-0.04508783377853539,-0.735168576687599,-0.747760327770735,-0.1080070602249217,-0.4469576174007554,0.40777610690759086,-1.9001103734084759,-0.4745755434229641,-2.114674017789865
-0.8629440355019665,1.5357908275437522,-1.0155756636123918,-1.6645633735989993,1.5445829398831756,0.9801684553761238,0.5504331688411409,-1.371498197316925,0.6313312481738379,0.9297868694686853,-1.5907207745217777,-0.796728373170908,0.01852491879349876,-1.1219420677429548,0.6927710604210592,0.18061769247809845,0.4823965373699387,-1.9025627240868717,1.4428289645728942,-0.20272426732956847,0.697403059885217,0.5918014175796972,0.06133167003468034,-0.19654162061215402,0.10453324950829329,-0.5933418701895077
1.0010091846578741,-1.8594621695752735,1.1345461497659861,0.01096745691733338,-0.20214899720977209,-1.2148755877733977,-0.6163499772369523,-1.0020780254836532,1.0038791947167467,0.07994132786840835,-0.49830621292481964,1.780856500273054,0.09967746225806715,-1.1125537776518317,-1.5619293580962148,-1.0618026854793179,-0.1470742428409137,0.6947314829522593,-1.583224413570737,0.8622239665870195,1.2543769030249825,0.507953687025956,-1.6373041235829522,1.0885670578166078,1.7903128371599772,1.3835217008246892
-2.7049082943949507,-0.2203084312516656,0.1601929846836455,0.15182698913382267,-0.6884805963883801,2.1106835716397536,-0.21344478626768118,-1.0672419745091073,1.0928560951305386,1.6148272185367292,-0.8897332218228545,-0.17145251268873288,-0.4054346188029921,-0.07128655272301057,-0.11101460747225787,1.818185532699712,0.7517418159290489,-0.1053753033128027,-0.2719020319640181,1.3027544572917642,-0.1907053824670673,-0.30990290135212584,0.155122324837212,-1.7361960685581492,1.2675533512933257,0.0673049489219537
-0.5019061003827262,-1.0071922462880438,-1.0572617663323922,-1.0549871861864986,-1.5113657798619131,0.7322878295415651,-0.4924244464936984,-0.3106940654377214,1.108077555379636,1.6255117529336855,-0.29009980071756486,0.6479157467154784,0.805041940894286,0.4867644369138987,-0.9729034144195953,0.5622277011318633,0.2316717688339703,0.5875078026842653,-0.445183154469604,0.5245126261130825,0.07653891848770104,-0.17840775394027597,-0.39447631238191677,0.5743356657859245,0.3869516626804255,0.8649866164271256
-1.4041108089181835,-1.2701450966395895,-0.8673838147712091,-0.6340137183143778,-0.9276871461399993,-0.4640035460418578,1.151476981152139,-1.0952142206184083,0.7235007420305938,0.7540102577819465,-0.3635882704582883,1.1068446695631138,0.27740895789888154,0.0036897798331845073,-0.6534794219278531,-0.28648652639129585,-0.22990167503741354,1.0239967667385783,1.9358381905062427,0.0033723408493552846,-0.19421791049987128,-0.4881912558528171,-0.1489547687088836,-0.22715689099815758,2.438395413405563,-1.271370218761706
-0.15247563038131037,-0.2286260691566817,-0.6802491681764217,-0.07322405097931624,-1.7098314516100208,-1.6288773575590818,0.7804455565833126,0.5336507996829035,0.13798371946459684,0.49135593483198825,-0.06129408690720975,-0.26653115296707935,0.5408920898239686,-1.1535048139921544,-1.3065047639842,0.30818112461781083,0.8958619964067583,0.05835257238859807,0.10224517776832534,-0.4743277965781997,1.6039353132938972,1.103679630075688,0.5472731261295272,-0.21163981517134584,1.6347901595773933,-0.3574948146077293
-0.8135937237577614,0.471626025329328,-0.4385598935366453,-0.7016721318784446,-1.2699606803838113,1.305178969353255,1.515951838328382,2.2952531523863406,-1.2384322914043795,0.8801634684814864,-0.6330522294668751,0.042778062452022564,-1.0302485316980583,-0.9517635699321078,-1.1263906258560272,-0.9715218751261899,-0.25015491926419825,-1.8828224954872725,0.11318358858881168,0.6125164983533649,1.3880868529401698,0.1358929130843434,-0.8330817054995151,-0.565535934339686,2.505462710343814,0.38675019570645014
-0.7963909289931878,1.4256868684573776,-0.2235049084414604,1.2181173413680584,0.16664336368062613,0.533380497420079,0.5334798574473373,0.48056023143462434,-1.0354247182464178,-1.2597239248042602,-1.7797590490544142,-0.7701993969451045,0.9950896157057566,-0.7485297543397462,1.3615703431585247,1.5091756240517948,0.3132561834090574,1.6835222036532576,0.009465459329891228,0.30811654370426783,-1.3380733422232076,-1.4184142034010458,-1.0631417781865624,-1.3110735367874682,0.35666190594354596,0.5418640249876666
-0.28945383783227446,-0.13374041699737158,-0.01547798377418013,-1.847391469883895,-0.19148727354809889,-0.44107891168878277,-0.16215323709857613,0.4372496582436966,1.7516686743919563,0.27202503313219534,-2.2051375510939386,1.610028684877494,-0.7414648932691589,-0.42298261248686153,-0.5474807708846989,-1.5792265064972035,-0.8770108419518177,-0.6645186881313205,1.716755898513593,1.0175989948817636,0.064705705090208,0.37485830790908814,-0.6884975292438157,1.0547930595215758,1.3081279089266014,1.3017606527324102
0.441362970915255,-0.959263336943537,0.11156076234119142,0.3117357323230542,-0.809199044288463,0.9267137997481807,1.003540057209452,0.7464338207177235,0.8815263766543512,-0.240892219970821,-0.27162103914944785,1.3730915696606283,-0.4160828813092552,-0.5346174118295011,-0.37257394806405525,0.9177558760099508,0.34888361339714535,-1.074331680436711,-0.3084066588205403,0.13535839148902676,-0.7753353313288135,-1.2203859482601278,-0.6933311117539568,-1.1852524748506705,1.611375260461851,0.5616875232298982
-0.9540788441935425,1.5112184732453475,-1.7286449107297968,0.275682843574797,0.18085083826558063,-0.3242955803496611,-0.7218739883591063,1.871750549836889,1.0131922020266055,-1.2695188138142395,-0.013696102921073417,0.6085458792732766,0.102031667642344,0.5357951989275214,-0.14157913278220075,-1.3126714692056554,-0.4790979672104102,-0.008484484270372851,1.5334351036042366,0.4741288148127696,-0.5874375411198167,-1.0511446744653081,1.5986604911125029,0.9953007457613269,-0.9208607421008693,-0.578607941393764
0.9729002809857128,0.3866706444370678,0.07145905389898885,-0.41617495689635414,-1.4900981796604804,0.6519061262327223,-1.177835282966257,1.2363793600904915,0.4638846913735641,-0.7393077386814806,0.18281401049049772,0.5326104968164128,0.47661942701507737,0.6988188120067905,0.24877263312328474,1.1252007295135265,-2.3727669816311083,0.8344153097698581,-0.03679788081397079,-1.681742417118969,0.577480580508217,-0.4836412665994574,-1.0350522530889128,0.2833987234279396,-0.15397375039667394,0.5014999453922824
-0.3722720233755771,0.6303074573947806,-0.08964113514606122,0.35354459401791255,0.5622496155162798,0.6640525919049388,1.279830074700146,-1.6638143278244704,0.28848727274045805,0.6888850917770651,-1.2141604368282206,-2.506659533328998,-0.9101027992269795,-1.9507756270664682,-0.02890860282415341,1.4319137034920058,2.1720150179005864,-0.26401871859706494,-0.08383126458916601,0.43694726256165634,1.1313476980603976,-0.4562461138486935,-0.8180547721126229,-1.6579152550232166,-0.26195860376312285,1.3894978013046326
1.8467321766963107,1.9759736616447858,-0.6566984721779583,0.17799522965526016,-1.203107565903696,0.014852501292028152,1.9375935186123907,1.6184015236069598,-0.8132395250850749,0.4440103596799994,-0.920985237734114,-1.4675404871662274,-0.420782273741612,-1.237897495867726,-0.3982535970763946,-1.5613194666792751,0.5135500216016343,1.450449874338628,1.5387108239929708,-1.2360713805091972,1.3214400956932442,-1.2501427599766408,-1.113686596212953,0.7071023767822199,-0.06813682903502775,-0.5526612287150172
0.2943442231818118,-0.7664052599509792,-0.5273007159863891,2.7044582859214787,-0.6320666865736254,-1.3802215371733795,-2.6289073357142754,0.387277658027517,-0.8077747700103751,0.6371060246922621,-0.5147947494644357,-0.551210276908365,-0.3391560799899013,1.748239783686287,0.5607533261316483,0.3046139981564356,2.2709165454899884,1.2164865561754103,-1.017130709008641,-1.0049180130838142,1.4435978812831254,0.11687364595205527,1.106856211994357,-1.6198147010043917,0.6799193484233598,-1.442815847253165
-0.9558083618862644,-0.08311566261815315,0.367721030265541,-0.512990874356197,0.37883233517018877,2.016074778073181,0.1520646918814541,0.13433517554286323,0.6198258563653242,1.1748406672064995,0.7907728626362633,0.5259032456375073,-1.5317123905528784,-1.347864296852848,-1.5961915173331058,-1.7835689929089218,-1.0269888558886475,-0.9929934093034076,0.5146547211689907,1.4374234628794595,-0.4159092006722316,-0.11782474595442406,1.0044647680617487,0.060011715657923966,1.1111301228614612,0.5552063772734153
-1.8113680669799912,-1.2632858545787695,-1.8616582534581305,-1.4533289733972443,1.034090105246894,-0.8041411857034086,-0.596163877391792,0.746043081437945,0.4703226147749302,-0.02308021821024403,1.1941102015294722,1.0993331266110844,0.9483138571720628,-0.0963090029366734,-0.9795122024003723,1.246329599838555,-1.0511178477736447,1.5334123752095705,-1.7183202225181484,0.753432979237582,0.2907852331674286,-0.20963931605208266,1.6808292534125253,0.042070993103482945,0.0012956481723723412,1.0564626265161114
1.7911091557053858,-0.9264568213169023,0.5748542407758862,-0.893703402516046,0.9957701698627263,1.6309078548730336,2.0041844989975135,-0.46528082299557777,0.3624042409002907,-0.8580221596250086,-1.3407345867240723,-0.2258215507521114,-1.456463946066162,-2.211907624532903,-0.030828714980533127,2.1483254725463907,1.481821337632965,1.7656373641442795,-0.029797119277005214,-2.2265461312605397,-0.3543557707172054,-0.49058795070450006,-0.5298590230915466,-1.1174275409561025,-0.5856968719901403,-0.10609042280133058
-2.4547613473333345,0.8277595285341789,0.3833653289061295,-0.688346946772997,0.15383194369207076,-0.009034817553399032,-1.3985606187994752,-0.7163508421139754,0.6636003292093064,-1.4570603441038663,1.4040178509278982,0.9092170027131485,0.7464129706284994,-1.6755192285155882,-0.9310844144821272,1.1606263651275741,0.2479198961440284,0.3289808340899617,-1.6958287965339365,1.0015046625679747,1.2551366608286978,1.0186995279840494,-0.05191225413757281,-0.8903848732029741,1.033946001474242,0.9795239401539884
0.8497152863484593,0.5371356499595579,-1.8160590391587734,0.880706008386812,-1.6000662369059306,-0.48150824575375845,0.7494616064151329,0.9921404972855837,-0.2626335915005913,-0.5086596272957387,0.36688722098851845,0.04504693408331495,0.9267610204945785,1.1554140228777492,-0.8948584382931072,0.5677691338363068,-1.1377884438034327,-0.35153859876025234,-0.6332217152470899,-2.887403758232,0.7622478644776549,0.5066088792101616,0.8851606029341822,1.0653755995520748,1.6326544244872525,-1.4584323728027386
-0.012537513430224878,1.59234977926608,0.6511260562707049,0.7928072036861491,1.2196125950542318,1.4519842584421325,-0.29416108335848296,0.21045270108964453,-0.6995679080115603,0.12880072899690795,0.2021371720959116,-1.2273617147880393,-1.5919727439226128,1.1590892711965635,0.7050296157988389,0.3878956945633642,-1.2241443053334728,0.6555221227781751,2.05090111718671,-0.8183852059071188,-0.08413836836142212,-1.3375333125756066,-1.4860930134236412,-0.9403827451701042,-0.4120537267869434,-0.2898648467087398
-0.044420249091205996,0.9356215372576051,-1.3167575614410503,0.7831844098296254,-0.7215196404619585,-2.1746670720705126,-1.4065303565884824,0.9316971513966451,0.17024157477635496,-0.04755601619570321,-0.5890264720651118,-0.36947270162208024,0.3002814824137495,1.071638702516318,-0.6970007894954958,-0.42900451624188846,-2.296621355588426,0.49625166342512167,-1.5754747814342138,0.12120888692416269,1.9440176317244162,1.2683634482077368,1.0172288088406776,0.1430964168073681,0.23822742374939332,1.863513808107137
0.08335915247714835,1.669750075394151,0.899894280550914,-0.48516000749455124,1.3729099996009204,0.3231513589977803,0.3620636798815257,0.5063546951185182,-1.456278097456057,-0.7927234207533999,-0.63149195721598,-0.7853109787247199,1.737198074617497,-0.5290560885333331,0.6154337420650309,0.834552106506906,-0.571627427199824,0.019149071003209256,-0.5455126606622205,-0.42235719317881876,0.7289516897242007,-1.1128602866809678,-0.6072763713740358,-1.015956520314548,-0.3050047017744886,0.4441294954074056
-1.2481840887059374,-0.3515013226328296,0.14621484981824534,-1.6516996368624923,0.48259573825991453,0.6983184079201553,-1.9809079446076296,1.5198675448319159,1.437896806797277,0.459622227525153,0.1825826832588776,1.1027467323094555,-1.5414121783704064,1.9689607443328316,-1.1438087566219688,-0.5239297917701532,-1.7804412411423818,0.45700710826079227,1.6617578551919636,1.0550639470882561,-0.4264836481994579,0.24433468872610986,-1.0973235249478999,0.6026965626615448,0.7715856614366836,-0.8784285289077927
2.0350743494081205,0.4809497506498714,-0.16509393863821098,-2.084080408259096,1.170049952960432,0.3338112036974547,0.35436510740463556,0.02498686401111964,-1.1041635128521619,-0.25147336174708457,-0.759199602131818,-0.381972987046545,0.8833643602356606,-0.33811345646322216,-1.2472719206816265,0.11795617877120546,0.20547316653610953,-0.21180030450635795,-0.32741955869345624,-2.7882883112529653,1.0489648284779372,0.2314771980696571,1.2539676976985736,0.35645438972147403,0.7283111637927591,1.0093356920338075
-0.3098927165966105,0.3064450449796671,0.10572731146493053,0.27272948421686355,0.16077466590381662,0.18483235447094265,0.48468564427179267,0.6779353613982385,1.2547843057823194,0.48452073483490826,0.6381969270448059,1.2338812094171445,-1.0843772356866088,-0.7690168116461504,-1.1078781138910072,-0.8251033964103057,-1.4919988840341496,-0.16940869148391385,0.0725360881444477,1.1963631126105776,0.5781369853667923,-1.9322852499239855,-1.862335813227486,1.6196565805972174,-0.008687245454799382,1.0620590578967415
