-0.40677814076064894,0.45342772703395917,-0.7135618436537562,0.1708105193595622,-0.5049114556654287,0.2826634224153928,0.42895253738302425,-0.19785613168592792,0.5689893282654429,0.07191941813960921,-0.46843212483667146,-0.5252692729580345,-1.2824775285296977,-1.0555494619282737,-0.5573867861169146,0.8527176143242718,0.05576846674505113,-0.24218475607755105,1.0876291177247128,-0.24823196128753872,-0.5442895256985399,0.53390758486272,-1.1426704762649285,0.7377160683024455,0.8541547365607808,0.9507387752204407
0.46791046604255343,-0.6481337205296432,-0.44085851198346626,-0.26103135613648515,-0.4118955159214186,-0.10321615931811622,0.27387635738925886,-0.07710863556134112,-0.5813663418082526,0.18582244058442898,-0.1474090070797536,0.001714417788516771,0.15046989151962434,-0.36350689617245785,0.006306252101755812,0.5903472912838416,-0.3318427446765719,0.12598252722493322,-0.059121976402392896,0.5196649391695667,-0.13266263692777625,-0.3437558767703141,-0.670028278328519,0.27135220309050284,0.9118319651821947,0.056070817988796616
0.2167758368112034,0.7307482275090277,0.704111352344684,-0.3170364120247811,1.147326813987164,0.6744285014885414,-1.0795178852013212,-0.4409992133954814,-0.27946238849672494,-0.6251425777788019,-0.018817522451019038,-0.09076051050336725,-0.7440361391012175,1.0959081496794136,1.2047233067195844,0.21378801640511175,-0.987914839405392,1.5456390477192157,0.5541630699755761,-0.11679738357152716,-0.09243567310095714,-0.5030485437231963,-0.38042678040482486,-0.4845496990628184,-1.054156329283359,0.5332594069130542
-0.2409373888527124,0.1427561181784656,0.02444932214935582,-0.15532948185514814,-0.23741469601756204,-0.5647436766662802,-0.5524437641461372,0.2044425904775639,0.5538085322314485,-0.3896408816133766,0.22207947267586978,0.9543338244209595,-0.3858377517242693,-0.13952192898319196,-0.5974720923563486,-0.5869643267580906,-0.442080168892298,0.03495879631074649,-0.13911796464746787,0.4146167835182538,0.3870698891054039,-0.2438726972578335,0.7759130254118222,0.3295315357869856,-0.44955918546521,0.20844311221156947
-0.621532564302925,-0.36856594130419407,-0.6863938830354857,-0.07303030308125835,-0.9898959076281362,-0.3132150890198436,-0.5451430749710044,0.8152050645409153,-0.27348978956780967,-0.7613884499385017,0.5814768772771137,0.6869532567715966,0.4982926825810948,0.4926538448573033,-0.986721797557506,-0.1950506332037895,-0.49520459224902663,0.4926339024744972,-1.0361445451587128,0.2889304976475518,0.5914649159427464,0.07842551405276044,0.49274321334773025,0.6027532149017866,0.9314728082520667,0.3840033965692135
-0.04080491447069972,1.1172505593696198,0.826187517186227,-0.8616120223266565,1.1416051443662107,1.4028127896376477,0.9491708198351888,-0.33449084252929373,0.3794015354690054,-0.02872679062987067,-0.7795127745996838,-0.04654244286657228,-0.20091089842161963,-0.7792544753258684,0.4491138545473459,0.7271042724563113,0.6262534381620026,-0.41708054178755244,1.0777098450546754,1.1548443561386725,-0.8084398360085852,-1.0013288519433055,-0.4638266032631186,-1.3350219361296078,-1.144101574955181,-0.36610388930029536
-1.3568075631972032,-0.3793493039797621,0.2580010739258264,-0.4054920946590687,0.2970964399519805,0.0856056279573252,-0.4368506296125833,-0.9265997406676438,0.6609218065445518,0.1320249401813015,-0.005585317736210704,0.3619280211272347,-1.1789188497567844,-0.6838502722591588,0.03568832693201409,0.7175067578770786,0.06205517685027811,0.5249412409269154,-0.08693856318126492,0.19496376718803593,-0.8432950873693155,0.7260972862341323,-0.6866102490638007,-0.09802792865583636,0.7154355302205456,0.7264166014192044
0.40813585912867023,-0.9538413518389154,0.4082432451667399,-0.5116210579281725,-0.5545850862293497,-0.29335396680622455,-0.16569718243131373,-0.504188016478652,0.19329360000581608,0.25317092143188086,-0.7107787967540652,-0.11687663763058377,-0.2871440447762327,-0.2309653793105486,0.047691550980660545,-0.652464489457165,0.13793938331690891,0.5291809294798051,0.2394658576538464,-0.22272740098118085,0.8014767427761751,0.7099348384827866,0.0750264776648626,-0.08987605888988229,0.09334959870593676,0.15567888467062516
0.11772160542936326,-0.12325158213005255,0.6565455693304441,-0.42701374902998623,0.3315344731839509,-0.6029249069494677,-0.2751824643391134,-0.32944558109824673,-0.5328084286780912,-0.47403141947412203,0.18930679203641199,-0.21967617390993774,0.1469058860684201,0.20398694160904407,0.9210610571545904,-0.41170352672853383,0.3003956912776508,0.8629230309013384,-0.13897830976289888,0.01669509637795933,1.2334159375706912,0.6331750323527532,-0.36454267503513593,-0.2977949538862202,-0.48134756242125276,0.5102608298238188
-0.07010352803466123,0.6874869552462786,-0.02009925924449694,-0.8777506668890158,1.038802849976979,1.3008270779511908,0.36261430324514876,0.02606348338328633,0.614777871174184,-0.5245728900621743,-0.21067318470087543,0.17885937991281642,-0.13973822682565676,-0.5536387187585956,-0.6931334604897796,-0.10554443824846002,0.13538878754063516,0.0910737170634487,1.1291639229556611,1.1948950483633443,-0.89548256144413,-1.2685734981366454,-0.25526611171296787,-0.4639841477534259,-0.7574278540979567,0.40558285049915055
-1.1484931070457387,-0.4939713199150298,0.6084379027976793,-0.6951163811775772,1.274213334239886,-0.30111989083603574,-0.35477301787179105,-0.8572560880391774,-0.036143934157912234,-0.30457110615862354,1.0623830945660122,-0.4123861284821892,-0.5801576656405942,-0.3304014292222871,-0.8212359881362532,0.6827364982391376,-0.47168562714699586,1.7958968062270424,-0.6549410691443106,1.1191870370895234,-0.5475597929945865,0.14119454107462795,-0.6949328257989457,0.8926612533508567,-0.5083775903433213,1.612954794063625
-1.3736077151010846,-1.2600957001539672,0.5561604654605881,-0.781022974717826,-0.35565889482199964,1.5477303634265542,-0.42553915246071394,-0.706780362973758,1.2473396608177039,0.2888689291819416,-0.35634615807664377,0.9239536900877326,-1.4135874435500864,-0.9538518822457251,-0.9516381821455715,0.9689623522760454,-0.09814953357547769,0.5759330575076229,-0.12042931278520813,0.00043975795348706506,-1.0810024671463054,0.895574614892886,-0.8324046823115587,0.35509708544754415,0.6900481975788065,0.6690029754001475
-0.8212611370431802,-0.38197790995262143,-0.1409687602470253,-0.5612892049891565,-0.36730773353973295,0.10820125421282645,-0.1134993125142354,-0.29886223646650933,0.3509862051974498,-0.2768738377514513,-0.16475660864539807,0.999873679627691,1.1555525462373737,-0.28285548773447744,-0.3656418581551341,0.15893228500813691,-0.4630162819203433,0.14347397011240243,-0.6490419327037215,0.8231621905345583,0.10598273956537851,0.6247164874325084,1.6199062388915193,-0.40249414893483565,1.2006641125221258,-0.7096859670153965
-0.14797682766357637,-1.0167719536408253,0.19474131802678804,-0.32503830743406803,-0.5256268459576714,-0.6829352680659341,-1.0062028951558353,-0.0675190779760255,-0.5367886366347246,0.16325795518934255,-0.6412638683190223,-0.28275488614594,0.7188811035383659,1.2388921987510473,1.1124373771182974,-0.18508527014267734,0.01427829515195976,0.5261330285649042,-0.6102543582493678,-0.08055117636545692,0.936805676436581,0.5329751129532854,1.2613072142482615,-0.5128451007198092,-0.3282474312978582,-0.4618182541575864
0.6347578579455824,0.6048559025726832,-0.3829497344755571,0.11083349369203604,0.9269704148672026,-0.7087058956232695,-0.5855739064150579,0.792327837530309,-0.581462168072768,-0.9278850241816975,0.8693013700729,-0.2909891805098313,0.30887076734176255,0.5611412127464328,0.6233471331979272,-1.1277463805238828,-0.5039786050126744,0.13482422426925278,0.13965695515499452,0.8766409941176938,0.09697507932418886,-0.896165234540536,0.5383083571836221,-0.3109361932091112,-0.9398369334976552,0.15242822727451558
-0.4196094638618588,0.4377653104579078,0.29148623999212725,0.3224312525555136,-0.31592055725802887,-0.15894646850082506,-0.47665641745281495,0.6227422809400864,-0.15128852498616718,0.6150005559764754,-0.3179841650907187,0.5429810491030446,-0.4484007986499913,0.20057350848997954,-0.177609307995672,-0.8319976688004826,-0.7768029055294181,-0.10273787490730484,0.7788752116267179,-0.0312047075979119,0.6881257560739716,0.202379542747781,-0.670434407096719,0.11755834632252922,0.1914530173721346,0.18729593319312351
-1.1241265787542785,1.1275819148881177,0.43581312121581123,0.24462321835625195,0.6707063713776299,-0.022334206047164042,-0.975010826846921,0.29797962208331064,-0.9158948353372222,-0.18780244003930915,0.22323542795336285,-0.36055152058834566,-1.2946085807517245,1.2923494063773324,1.110771433821083,0.5880981518333779,-1.0192845148241845,0.804864768200096,-0.7931066297015703,-0.7185469729229292,0.38742095101627594,0.7228391155542018,-0.3201731590576051,-0.7842528915010802,-0.5589770364124932,0.972064983390174
0.07558810745345168,0.622761306775531,-0.519323642406334,0.22246564420911935,-0.1353587683923268,0.5911279669951292,-0.44092620722759973,0.5985106627154215,-0.9050491837893986,-0.935009627610196,0.32528774051002696,-0.7638440330221634,-0.43457534466745595,0.9437469729493451,0.6971369534563749,0.8629453910008834,-0.536315288267505,0.7967241839786823,-0.010398327851983354,-1.1281156988309389,-0.36644539767037937,-0.21397277422039773,-0.16747043725435412,0.27091956264946265,-0.23277974735582535,0.4574224545149266
-0.12058191792190773,0.16177155593240142,0.5926660604936727,-0.6152804481399673,1.0247312119537928,0.6263720828746848,0.25060333883454594,-0.8505825320028506,-1.2842253905673688,-0.2853489772503682,-0.24583628360277068,-1.0425972549615756,0.8040544174993378,0.18073718681955434,-0.3315609695132421,0.822059696651091,0.4231878039626347,1.7693164646371449,-0.30051774874611964,1.2715535311882231,-0.8781556484944395,-0.8979382256214324,-1.179059015564109,-0.4987997090750708,1.052912150530603,-0.2516567070329267
-0.6000156555838659,-0.8903084687778307,-0.6622654441529521,0.6709541308646468,-0.6402355580221002,-0.6061858279016972,-1.4346476793517176,0.2623257784738286,-0.5665076121020823,0.448874648125944,-0.1613952555154765,-0.5611449019545831,0.8149140769018959,1.1924437536343302,0.7926290422821543,0.48028271284428514,-0.0021773859624733397,0.08554418052742156,-0.8780819968780974,-0.6723541225088209,1.3098866320463134,1.121837771287055,1.7241638172061715,-0.6863685547554498,-0.11445887659435576,-0.24713835192908912
0.035501625722862265,1.1542866380626984,0.44220817393255063,0.6599117488860058,0.49389284602747513,0.5191257735457045,0.6507206874712402,-0.49524667959604474,-0.024754225475945277,0.61508298126819,-0.785287202804004,-0.8701426802141965,-1.0492986510520983,-0.7756267236727149,1.1821685024049284,0.21599738346537553,-0.7407284934268429,-0.20417154022390957,1.0595767663707816,0.49677921876743325,-1.062645054780565,-0.6327270107218361,-0.8501639540561371,-0.5587774358931116,0.07457789739382685,0.7706117215950016
0.06782665460737973,0.8813376421719671,-0.09609650095214463,0.9349778847600274,-1.0556269684458544,-0.30920250801387794,0.16200429413009354,-0.30946309916851167,-0.34084434249022866,0.3632407137300033,-0.4975748295831244,-0.016458577341781244,-0.9551718461721498,-0.32230051049950464,1.05824993696549,-0.24560923968546958,0.08304778490946936,-0.9033297405210309,0.3590374701075011,-0.7434825564497964,0.9633978619183822,0.3285538763196727,0.5761687283231549,-0.8419987926145883,0.14887836798443155,0.6366744671332787
-0.519506219810916,0.3851826524031479,0.7797219702435764,0.17926891680212748,0.5156990727455103,0.6555119242197709,0.413030235486668,-0.5013727436605082,0.43881338035898815,0.7572206381466309,-1.1444807069123855,0.8228818804228063,-0.9639264221222912,-0.7888044964199764,0.07926196128825275,-0.806577017625052,0.6609680956498005,-0.5655665294367758,1.3005988152534007,0.8984384740627068,-0.0848306072122704,-1.0118413847577699,-1.1248636225561965,-0.8665666455851501,-0.05997269440993399,0.752404824563291
-0.6828627483680852,-0.10371531075591868,0.39718128145906184,0.12422585854024111,-0.35175158126859324,-0.017742908586243437,-0.6911181204777076,0.45866286545860474,0.7524514632464806,0.5322889297934321,0.560969108075,0.5240742932159871,-0.5766106422352697,-0.07510048671045944,-0.5041489042559125,-1.129382464824995,-0.8524761860773291,-0.14812658123079897,0.3208258006910662,0.27610651713952544,0.8175907932480859,0.08056511278880898,0.08718891420853082,0.21494288023801245,0.11550635902438379,0.2705609894590657
0.15486327641570746,0.30315516991811065,0.26470557388398824,0.07253574480900066,0.09489420256466823,0.8593452616372801,0.13152321970346248,0.6154695190880776,-1.1367600857498406,-0.07147736167289093,-1.1784774531721618,-0.749543123685728,0.4428646727736789,0.6893316728652163,0.9195739500715264,0.3967105201528261,-0.4437434484094945,-0.3275759909577327,0.8589815911445954,-0.19536410528074155,0.4528671113026323,-0.3745239858632398,0.7879421361954958,-1.5928298112759756,0.02431775201016881,-0.6691206737703144
-0.8276976867480624,-0.1736688401546685,-0.5301133041165447,-0.6865889329649462,-0.45874143846674553,1.2345996412071558,-0.7880786637988589,0.558164641019339,0.606072395881805,-0.022309279431144004,0.21613146972988803,0.4682033720391558,-0.7785915300212147,-0.1765859211957822,-0.5765997581451866,1.1870582480026344,0.23817370610616254,0.5126416642373586,-0.6199445357467954,0.18915944287099687,-0.8937589004101866,0.26691244037491946,-0.08069194159332535,-0.2271712424127526,-0.2251206562272235,0.12918194145839776
-1.023017550034505,0.04021504467502614,-0.18368546228666424,-1.0614130760560172,-0.03208854631042465,0.8090372764565834,0.5997327146293164,-0.5687896992365027,1.0436613592491886,0.2797950345222174,-0.5276885897702228,0.16334532004324817,-0.8190599282200178,-0.43889583631362905,-0.7390103546289962,0.28343352943259426,0.170644484254265,-0.18111898191512313,1.0232933646911124,0.3008650289691847,-0.805531138834908,-0.23161208599639976,-0.7994786206692299,0.41323067652523077,0.8314810491922114,1.0797995916321623
-0.02739710617031005,-1.0647302794897735,0.5838550564319215,-0.69340127428415,0.1660763882354619,-0.4798031335593455,-0.10693353014720461,-1.1061766919646727,0.7000814443442569,-0.39051086739265495,0.08198560026728938,0.4077263413342076,-0.10510736119843722,-0.22351111468631893,0.14343924454373616,-0.8761593343312797,0.7890196612285936,0.7768217676892097,0.6808015632256492,0.08398832920876252,0.339617340215455,-0.06232867177937527,-0.5460218194204918,0.4615836387318218,0.3559265139707132,0.5596665912575521
0.5558977845553433,0.8287768989737112,-1.2050998655964216,-0.7109402898871251,0.22394712960426494,0.3667052002834472,-0.183697043331188,0.6955747421511647,-0.5531813768005787,-1.3273555053794375,0.1197100334411032,-1.3002518689715372,0.571688614571612,0.41431269674034893,-0.8082397035893416,0.09253650918105832,0.33557591794473224,0.1605395214426566,-0.7451792905036903,-0.33323120403448636,0.6147596232226142,0.16532448261602556,-0.18504880842882043,0.9935982647117313,0.24933828823468823,0.9522497407629911
-0.2447356416781962,-0.5216773333658766,1.2589822051432542,-0.7564946260835183,1.2830834744826345,0.34587401241129695,-0.6375008401380465,-0.46847459815701303,0.6053483504247299,0.5164000605703737,-0.3862598661975513,0.5493893616872647,-1.0171229762600646,-0.6299376272185158,0.27209718022577684,-0.9021206666655244,-0.5033843812575907,0.8799000379932984,1.4934061006927992,1.1929431683438174,-0.31524470200503546,-0.7373706118226377,-0.9227097558051316,-0.3739997013367213,-0.7919320131315324,0.6893862783871549
0.33162914658818854,0.46789732222381414,-0.04812346028258616,0.2916501058895737,-0.03377645043844542,-1.0271352557900926,0.6809712538538687,-0.4151396716459804,-0.560540903051316,-0.21327617495646725,-0.9784528100169771,-0.7066489848507687,-0.10338507507860922,0.1466878312365296,1.2881504242933253,0.6809167096264167,0.8396424155253173,-0.2606227567327545,0.0328433668541663,-1.1005643319737601,0.7937925729525074,0.0922967344920903,-0.3108943308945408,-0.6171131523744929,0.06509826541219249,0.5063717932268509
0.4374681261995903,0.006008022586045432,-0.8414219242066618,-0.311439366449223,0.09354846751846542,0.7808522408168151,0.5021565572764006,0.5305238766081946,-0.7054962843019306,-0.7924113421301795,0.1608421100413266,-1.2914207588817148,0.14380854793083153,-0.07187703671177509,-0.09376502198834612,0.7084211903794633,0.5748045963290819,0.48943554983646387,0.760350443073027,-0.6049334481876327,-0.30377877497589034,-0.17718525878816752,-1.2694718143098656,0.5537368277153872,0.08315975522561915,0.35178892757940977
-0.6999021633912961,-0.794403018183257,-0.5884396077700097,-0.35164817919841096,-0.5345487975391128,-0.13415617359290807,-0.5090150453530682,0.03850226558217075,1.229943182323929,0.5661244047408517,-0.3485727360590701,1.1445878004238248,-0.3573766715984498,-0.1696490378720077,-0.5327083921755581,0.1907122723901554,-0.17486883065733375,0.44978455720605814,-0.7644022077762445,1.5683358142594437,-0.6387315689731359,0.01679844530006457,-0.43871474258507925,0.686082289467081,1.045823127132194,0.07301696826568008
-0.9162200811792881,-0.6604726305150059,-0.4077346448084673,-0.2238204893412018,-0.9213554862832635,0.9728669322187975,0.042250701101935864,-0.2492607128983034,1.0931662041140384,0.909283373274751,-0.804818419897092,0.2676688406021817,-0.2843184119265916,-0.6498550946023877,-0.766353874374799,1.264020921428611,0.061861717238399797,-0.015286887943428806,-0.3553497527480164,0.5490223760170682,-0.31144269716576645,0.8112317953869735,-0.5846398025393945,0.1832478934355479,0.7304447799876304,-0.13969442428160675
-0.5617074649278048,0.21661974687521107,-1.1398068584749543,0.2770884601065189,-1.5166489887655907,0.06602074461075315,-0.8039499750333451,1.15083051427508,0.4070522044468195,-0.7218595381507981,0.8416407644663724,0.788403840146308,1.0646228129717015,0.38127987660206436,-1.319967022776343,0.7932449058627473,-0.8567178194338407,-0.251494368758178,-1.6418544902827128,-0.5128913861896741,1.0424147595717455,0.5291660713396815,1.2526088070210373,0.6606886770662794,0.6475314395872492,-0.4632538193472615
0.026890446019141923,0.47775699627460155,-0.7826788267922082,-0.7170032823845198,-0.25117551192689874,0.8531160010729099,0.4594803516973276,0.2998360296459487,0.007592290654259739,-0.6279982143186114,-0.0011190475721958577,-0.8455789217449472,0.47603462522745743,-0.5266389855183972,-0.5616034687632663,0.4729215851350054,0.5954116923851324,0.23355055315122966,0.6866827285384318,0.45369104061820237,-0.4835117322746314,-0.7567752024947387,-0.3887343735391513,0.3414693966221386,-0.07922469025152716,-0.03322082749049498
-0.43066628107626537,0.015939597638895454,0.1513189997294528,0.3715305542543709,-0.46655172944010953,-0.32582313836266635,-0.6163149293418121,0.22504572421099123,1.2391462672774582,0.9750320486026018,0.060863345424599355,1.5856308341308867,-0.6880696738263359,-0.4688215496338688,-0.736292329869792,-0.4763195762092065,-0.26035712284333373,-0.28754798127661524,0.3341154809778081,-0.18386130675438295,0.1765188469039393,-0.06485696503919974,-0.0800486301130394,0.20484055950733232,-0.08170012707126328,0.8329923987206743
-0.34189094329740605,-0.42676543267320427,0.7898858799772444,-0.8022358695544013,0.8922126105764111,1.116852477014958,0.3394557533259826,-0.49761802631956664,0.9903758682671234,0.7924665218424733,-0.6796205870264266,0.16418727069249386,-0.6353070023737545,-0.46829922049192635,0.10753669620012168,-0.4266242517137328,0.1950082057477593,-0.19690969345027065,1.0030593472814378,1.304889071807663,-0.09552700204319718,-0.5917525578139291,-0.9057014166963802,-1.2701735193238837,-0.10829512360685944,0.010879532614973125
-0.9192635542565116,0.6617078042362978,-0.4593099135189404,-0.06502281569757204,0.09183783309567752,-0.37420961557774673,-0.729279845337156,0.7172723830023968,-0.4547893428525945,-0.7578876400878877,1.057364665358732,0.2467378860076686,0.9506143384477445,0.900051169231239,-0.3440216249731258,0.3033420668309901,-0.9469038278588395,0.37565139902218836,-0.8880487130794835,0.31304208713406534,0.19380376610517383,0.1902729016744803,1.464446427543526,-0.021758088400779578,-0.31201678988621473,-0.3314217913511689
-0.13996630899623472,0.6742239255266581,-1.2005787493171107,-0.1438832915277348,-0.2729399005767691,0.6843288214562209,0.598235337574925,0.5171769040475387,-0.0822814904570087,-0.505598672598493,-0.8065067140499005,-0.9918148226866488,0.7261845676952623,-0.16089306022197983,-0.2756699621715609,0.7300394366187793,0.7633460557760425,-0.2537666387824588,1.0653585117269464,0.2522106177796782,-0.9528617146275776,-1.1305919022135844,0.5115068026652002,-0.20198646458982536,-0.16607193973473722,-0.07276422018358637
-0.2807974771521956,0.3504474421587749,0.05303392447854775,0.3712248374017136,0.028760959195088365,-0.7466825287607196,-0.836210625683821,0.8815446179890316,0.39230967081618107,-1.1167440537422015,0.9141639409573068,-0.19662731078673168,-0.3969594699022443,0.28919810066096274,-0.29823092148829755,-1.2804184888982297,-0.7782563570427107,0.4212546314861221,-0.8351171258616157,-0.3077203944096327,0.5321214361943597,0.7346113766757233,0.6411451645563107,0.6518466503953302,-0.6340851517548727,0.6612685961491123
-0.19050737344372765,0.5850175450782682,-0.680457726451042,0.9039836259065491,-0.4583358875947256,0.030991666689617822,-0.3021521400409295,0.5377309597710744,0.09648772549839238,0.7929566068837142,-0.709409684527607,-0.014658608993772318,-0.3990398396299118,-0.14619888236830375,-0.36066768167146385,0.7131059718827546,-1.1315868969569174,-0.3179600655984046,0.5591245496587899,0.07591273037291693,-0.6914688632413961,-0.5172097405820699,-0.1834523486140819,0.273345153114943,0.7418528791606298,0.66538319035681
0.3167556597766238,-0.2526294410339442,-0.2232476135369047,0.06051442432410043,-0.489649588002137,-0.3240169909603393,-0.772948851082914,0.5114768746479548,0.5338922390442098,0.42926130352173625,0.6309788753418409,0.6803564229767148,-0.7433809064537755,0.4435457913487968,-0.5868897317626974,-1.2684401233362959,-0.9378245045421648,-0.1836429826520309,0.6004486326824958,0.003223056424060857,1.043760528494324,0.12170758636542975,0.14133455837001296,0.5406776990515088,-0.038604087447919815,0.3105083412527535
-0.13213877111335362,-0.6769569622059567,-0.39760011831112785,-1.1594502003584668,-0.030401539451293782,1.2939267172138418,-0.7166476282918048,1.0076125202577069,-0.5920352932420027,-0.42671454809579534,0.6745995041613976,-0.40662821108492325,1.0155061255491074,0.6802330335706683,-0.5893032444581101,1.0581182993571967,-0.533808588364807,0.7165965492191264,-1.0615679131687994,0.3300400525340045,-0.13989157033200014,0.25498493844536074,1.375903583516361,-1.4463219855337237,0.05824732938092288,-0.7069194426397027
0.2907690418113181,-0.38787833046941383,1.4150160390062294,1.0603598921193083,-0.0009881246237444042,-0.5839504373749637,0.6629158499068366,-1.0606845718413407,-0.7214231577529798,0.9088161645374326,-0.804914964652606,-0.6747111938398542,-0.8132138377374554,0.19684216405772803,1.1574655740531448,-0.0022871792408437172,0.04697569400771706,-0.13120418596316194,0.8105846651417334,-0.8245149851592147,1.199269823620465,-0.44327752477563936,0.1640546416285333,-0.9672720946741609,0.6697175029717615,-0.7480290100076015
-0.16055257879794196,-0.14817677574975224,0.018919111879110034,1.1111986430525755,-1.105947017735304,-0.6199684639634456,0.24427279839397925,-0.10853362108659051,-0.265821674691599,0.3694947172043102,-0.44411060736659036,-0.3135345630441488,-0.04579510131252244,0.1170374920891173,1.0678767284844939,-0.36070232110018674,0.4972208285214952,-0.9696593106116937,-0.616985921079921,-0.38171744516608597,1.0582851984573372,0.5130263674664279,0.8750343356348182,-0.4475972418988815,0.5404242392882677,-0.4046101102852944
0.053077228882792794,0.21283428648116595,0.3927639598553912,0.1541252600790894,0.6332040785012767,-0.5530863174947627,0.0309678011792354,-0.9320542549272095,0.7543603378992125,0.3737722830388787,-0.5017293808373544,0.2878050721956991,-0.8330461107700949,-0.8573509168292364,0.7479844717258858,-0.6861193409797308,-0.7824197334919487,-0.07447160739460433,0.2981350239490484,0.3916651472752137,0.14433761529351005,0.12039927122281709,-0.06159063979420913,-0.5601015308060816,-0.12463833300211327,0.9430945973198106
-0.20390208836733717,0.9673830017155798,0.312524818480961,-0.4035452887910453,0.4494606809058042,0.5065415914432291,-0.3503800198496119,1.2231252010605878,0.06650700346749007,0.44418271919093427,0.4354474917358229,0.29393890835694997,-0.8780933338667327,-0.38071340258020175,-0.5734196651396949,-0.4575448651351649,-1.374370994405329,-0.14678993463115514,0.8376236989016004,0.5609953522318356,-0.427954419601815,-0.7912608999096917,-1.005074344112225,0.3484211270255143,-0.34836708974585373,0.6127870937473184
-0.7723446430235086,0.209342696207105,0.41849384631802095,-0.1933157806042531,-0.22015841310467155,-0.2549767190460861,-0.041797326966651074,-0.2718099982809055,-0.7047776469972425,0.025803652217846276,-0.28719554074501286,-0.4801619626187942,0.41046975276007897,-0.07274527437900055,0.44848814046393276,0.7714096141839163,0.7101487666003102,0.12039307652614936,-0.11298419617299152,0.46524828589757916,0.6263654120905008,0.19521755091039353,-0.518186879643622,-0.6654910731185281,0.38823635916870747,-0.08269743621853036
-0.9545488191330412,-0.4440126466522152,0.5155278584373085,-0.666509684500629,0.23145959611612765,0.5818330175379778,-0.5281381866449668,-0.5397846484862406,-0.5860564773937438,-0.5710838304726795,0.05239861761217104,-0.5280751709288757,0.1933805652652155,0.6959738614442645,0.7018375988762432,1.320214230737855,0.0764171828574818,0.38682043170024294,-0.6868868731386876,0.6199623545906953,0.036482146222562566,0.9658065013418601,-0.268608110078376,-0.8535478751193609,0.514898703355728,-0.5615036151980132
0.13830970791561964,0.23039903620509264,-0.46817806209294704,-0.02028306988818946,-0.3457556730382597,-0.4693539191539962,-0.5783972521470677,0.7033598430182503,-0.7405691682698536,-1.1281506656931553,0.6885348496250351,-0.5694908210725105,0.052214638786649135,0.4828003903072369,-0.6902817767338675,0.5245542222878674,-0.6839811376323873,1.0820015735356072,-0.5270078499365431,-0.49419029828268224,0.14449601060249959,0.12211692528277995,-0.39028096307923676,0.8757575303930287,0.653614494656576,1.1356258023469277
0.30424460759150784,-0.8633167468719373,0.6310517025459568,0.43847394723970673,-0.3049655445444537,-0.6268036107538019,0.6084226782240978,-0.88217504120335,-0.5816345388831649,-0.14700410477237946,-1.1696897407482598,-0.9140399844195893,0.4290148558693961,0.5670074337343963,0.9673415960816274,0.587792915948009,0.25723418927358715,0.4736052206381647,-0.9181286477794292,-0.8137698812813506,0.716182395262545,0.40752838437124245,0.919853906683656,-0.8368210858396375,-0.21641038561332915,-0.2382564416656664
-0.8436032298559042,-0.48471230176286767,0.2640323864520706,-0.7383566059360663,-0.44958910455456264,-0.5898138066012012,0.2531001030929669,-0.3379060298583257,-0.5009082552137094,-0.6340428808368092,-0.6005110918641525,0.09193208511432202,0.8023492203880922,0.48886677011096197,-0.3986075807036788,1.7485705691284272,-0.47190026815742975,1.0527181213251877,-0.5731674102105573,0.5577124485307219,0.01510422445613931,0.9136837651030157,-0.3843214216270536,-0.6580174566654015,1.0644739075866256,-0.547411311196883
-0.6999624829960287,-0.2391258412379627,0.9202259100247969,-0.49817865790007726,0.18779111812132626,1.048646998340247,0.35168190471386995,-0.6568014465392914,-0.7044899108073909,0.8378421694785169,-1.0489496748443987,-0.018939941971525147,-0.1703080046160832,-0.1340658131271471,0.47962906092796215,1.0544930254405043,0.7441706970363852,0.42935949801390805,-0.5327680373207627,0.5650712413784907,0.369002181213197,0.3373168089388438,-0.6023346073039091,-1.287369986443668,0.3988573209475602,-0.4491336700353215
0.5105127312316459,0.49868041945378877,-0.6961809132898072,-0.08585404324562447,1.0647758357782455,1.064976531271982,0.2484135644507149,0.7470302415525018,-1.0220104217147972,-0.9660354144333816,-0.054373148892494366,-1.3212150454183849,0.37363282544353654,0.38800392479220286,0.9503017617034871,1.0082293379087681,-0.1533381378959728,0.9211240466783361,0.115218022091807,-0.6295271947315727,-0.7829168292517144,-0.8370853255242494,0.4451201471609926,-0.6448862765261663,-0.5445467449235292,-0.11156631865383419
0.07886401721098145,-0.8694912791109042,-0.27134250441063557,-0.5680156375963676,-1.0546829675463525,-0.816362916859213,1.2052577427819173,-0.5063995047659137,0.1840828973352057,1.137530289363081,-1.229906883235433,0.024928528366696946,0.366277214680063,-1.05696033658539,-0.7559344708494852,-0.6745896822410221,0.8787760813484602,-0.8671952306564343,0.7989617548089869,0.4794472722176257,1.325457940483582,0.6877687345380389,-1.05702633946674,0.2731160340332104,1.4578647860512717,0.5693794830784028
-0.5632189036477964,1.503507554536517,0.7216704728696344,0.7686447316185135,0.34272175794441206,-0.09502022519934226,0.6288510876737159,-0.7799025646445779,0.06793194077652669,0.7626016783746788,-0.9335427200121799,0.2319276374846066,-0.47683344298095026,-0.6885156389789867,1.143965496318912,-0.6524606635348771,-0.4146740846102068,-0.6639489731985384,0.76057408529914,-0.17095753969815983,-0.25981756269141704,-0.7596152785780542,-0.2628793463392333,-1.2340383416392668,-0.2394917289447199,0.5584700027074077
-0.02576517667475184,-0.17339675461694562,-0.5856593260895192,0.21239346617282895,-0.46473919716613105,0.18750431820787852,0.5685815626384471,-0.02881668113097632,0.1435489455064247,0.47875292674004577,-0.7701895279673374,-0.38804875478698214,-0.6704743462722942,-1.036240775561188,-0.44043219078576323,0.6157275849785673,0.5788903071858156,-0.508249540581317,0.7711009368622082,-0.34465061803878627,0.5594039043080031,0.5738284594824234,-0.96206190554114,0.2058066337106529,0.711243484438337,0.24289759615723963
-0.7699940849025826,-0.08270793617220387,-1.0606558314865024,0.1043799033341735,-0.7423023427972861,-0.8285802305492252,-0.9716986071486718,0.44146311133523436,0.6222370748246333,0.8105513623135518,-0.36914894246934765,0.35215335840751066,-0.5946484350765153,0.009139059454871973,-0.4946442463492826,-0.07263811228165727,-0.8570049035853665,-0.21521665475306445,-0.18217695799095057,0.5690079250246237,0.730953610708589,1.055174579897955,0.34027291707656987,0.7756465738337649,1.4039936589427986,0.8355450370689137
-0.06439807750822156,0.3987815570511866,-0.03525219317715297,1.164392191486515,-0.9673327458689867,0.0451860584856687,-0.06540811922324412,0.622539645537385,-0.45445388654581836,0.24741812681096845,-0.42303134785514107,0.06923353549777356,-0.9718727934213404,-0.24085158178024813,0.8903459618350972,0.227985942283079,-0.10020628357677536,-0.7078668386396908,0.018101186651829606,-0.4141421055086637,1.2222037014738651,0.7175168575072197,0.9745086684173703,-0.5853621837454194,-0.38083121013821647,-0.12654341336904545
0.42343896362978706,-0.5307405346754347,-0.5202739438483338,-0.5714354651204585,0.19186941027878887,0.42376733214118756,-0.2889580733559531,0.21621389202722444,-0.13680816917194558,-0.8233564709938413,-0.03734148276126732,-0.5317605080075075,0.7412597574225696,0.33793795166738416,0.06884533944821312,0.5406908044735671,0.31736544798679567,1.0370851734510589,-0.18500500861074567,0.35881984259759464,0.04201920917210273,0.00023679529691224478,-0.09897224891606982,0.4379387686594765,0.13260621688760768,0.115895086830952
0.34439888729119694,1.0299334573899759,-0.49529174344718,0.9048859602493622,0.7588431157008484,-0.4977645461667849,-0.02672185409403158,0.03160947607512047,0.8510491303783752,-0.13931038704489385,-0.7689735757865107,-0.5618896371588501,-0.784653636327511,-1.1498710164129786,0.5946205563568179,-1.1459186223259896,0.4405868058187598,0.04273563883661828,1.0613197253120186,-0.31956272565430555,-0.22298636856942367,-1.159085686971113,0.12221372687535047,0.5264682009805218,-0.9364485055999773,1.0581768936080378
0.5840410386306186,0.44279869966617186,0.6732097864214642,0.045366144460147126,0.38103764174153326,-0.08933577342123569,0.6712681524875904,0.005623837062588649,-1.1471172565999412,-0.9393232090702869,-0.548183452401536,-0.9579348381591348,0.8903638780367472,0.49051012672479655,0.5834968077910634,0.2807203085362618,0.023196185926602032,0.1132638056649911,0.47977509698189613,-0.8928597894845367,0.8512144848299592,-1.002907409738536,-0.0664838322361589,-1.1977783595959375,-0.4046357947845792,-0.10784534699432845
0.2522021612223195,1.1248945456788668,-1.0943520929866637,0.043199118042561026,-1.0213768880321865,-1.0513660959829405,-0.05524510757065903,0.9699034790606086,-1.0853895211261047,-0.8918413190867047,0.2350117878969735,-0.9658075683153644,1.2871609162434647,0.92864783815004,-0.6791884238502282,-0.33273271989978426,-0.7631550484446794,0.36289426682465853,-0.7745612403347487,-0.5025172618413057,0.9601678962729215,-0.4118179904341765,0.9841675639739591,1.124918707540746,0.5053288110142813,0.5072448226119155
-0.4582254333882565,-1.4405703913723311,-0.45378169720132716,-0.9981208094763127,0.23229296948300981,0.3240833575654001,-0.34590091314064253,-0.48704741988051303,0.5989770989854872,-0.5795162328869946,1.283313474474574,-0.0965733977867338,-0.31305290319649737,-0.3113462049206938,-0.3756460825568133,0.7480978671201302,-0.16850846620257093,1.9333138041768987,-0.7906665414462519,0.18465930418806667,-0.3252516687516684,0.05378248788072827,-0.1078859603270032,0.9513671243063989,0.11422074820082297,0.8079946903881302
1.153510815355431,0.8114108041766107,-0.8014925753550519,0.9978646820441224,-0.11671131639911413,0.3564468814506718,0.35098703175208024,0.22176269787009256,-0.15055797726677891,0.4956567152441445,-1.0404620394759794,-1.3444714063889205,-0.8933309401500108,-0.769494836224008,0.4496811671904421,0.35075836737313365,0.7042016773115642,0.08108358324637387,0.9070135689731008,-0.2662283144313695,-0.5775483430753743,-0.5614862345901489,-0.8817521263377138,0.34788413110345523,-0.21913604903743375,0.36496214282263784
-0.19686618250946894,0.7983870270303496,-0.32228960697809067,0.3797886019299677,0.14381551763672673,-0.023193135255572282,0.3031896708202362,1.0020882331191308,0.6221657272119837,1.0920748244674992,-0.8686960918976341,0.816291741171172,-0.660437173490182,-0.18264644166909771,-0.4273132370903228,-0.7096879875925992,-1.1047098682520373,-0.6807873599113516,1.1927810924043398,0.6145107307225872,-0.2851410461694992,-0.7309476374663746,-0.15402546235267472,-0.5865919994676847,-0.11436993269146395,0.30555483953381685
0.0973496945005774,-0.5339300524738207,0.73912209492971,-0.16547873368044735,0.3517135293177159,-0.04968698613837265,0.211569146147743,-0.20313731835295346,-0.24884067471877758,0.021915790304695624,-0.3043255232387019,0.004061498609242723,0.484800008544106,0.19968717739037053,0.6405540434282002,-0.3368099564501022,0.23683527621659473,-0.18501167420548623,-0.525484846730088,0.12729876205715396,0.5689972918176914,-0.07092526362991476,1.0149784787772713,-0.8047105877259163,0.017295168836388004,-0.4460018450668649
-0.35114713497895467,-0.18841038675937474,0.3432391608536625,-0.016753948803599393,-0.637559694482525,-0.0833885602261548,-0.04914148736037789,0.24328635969608298,1.1923146084915155,0.596085099829676,-0.4200566984735252,1.1951739198279674,-0.6596556277761605,-0.3768419735273217,-0.7196288012889251,-0.695763665054516,-0.3018734892281145,-0.20982141392985051,-0.050916170138201315,-0.12897572136871582,0.5576091999503326,-0.00868600348922176,1.1619206224754786,-0.39438122013226173,-0.33041204421530296,-0.2863920984048406
-0.3352342947368676,0.9986468543209952,-0.8198391231972746,0.42614692060886966,-0.1567412187710468,-0.5688317331004188,-0.5777237430322668,1.4262909221832891,0.20506092686635308,-0.372687643908137,0.7331586003646756,0.24796511487301276,-0.2052188445421956,0.370476715650868,-0.7596935381056289,-0.5572603224957097,-0.26599700491414113,-0.37698212231502204,-0.2606157301912892,-0.35333130934864365,-0.13048615386323462,-0.5536727718325607,0.3182304309909793,0.9526630496550522,0.20595569258655208,0.31653068825354047
-0.8151265293444581,0.39153445224325906,0.6318306773205933,0.5459706516704098,-0.19424764133976613,-1.019644091401895,-0.9274062324405614,0.13564245963263785,0.43825444965928584,0.3098766489211994,0.5993460653961603,0.2863816928787884,-0.9125497848614754,-0.2513787095330979,0.054117764028261614,-0.5979774628634702,-0.9316676795344584,0.0426578545737031,-0.5813559551980427,-0.07936673188715743,1.0928739337331603,0.7982637077909551,-0.815963242106576,0.5053397308427968,0.7761113960540313,0.6842898282880594
0.20431696524907897,-0.04703335090233808,-0.7706294417067724,-0.6412550109053343,-0.3178043041770791,0.2663356802363596,0.44961242612697055,0.019526642236466604,-0.4338183878366606,-0.6032258848684551,-0.0454738662996809,-0.4162419252740098,1.1299613164283884,-0.4378893061004953,-0.29966806918371625,0.8348914949462064,0.8168003020349887,0.3962775182066162,0.2237326556221131,0.24018366746346503,-0.5074243567387436,-0.4596940005525315,-0.0714957508531542,0.4400513291228906,0.26165035916978907,0.5406342200773314
